Newborn Female		Tissue Masses exclusive of MST (g)	Tissue Masses inclusive of MST (g)			Surface Areas (m2)		
Skeletal Site		AM		IM		TBV		CBV			AM		IM		TM50	TBV		CBV			TBS		CBSHC	CBSMC
Craniofacial Bones	12.06	0.00	52.05	18.95		13.55	0.00	11.42	56.06	20.41		0.568	0.034	
Mandible			2.17	0.00	2.19	1.50		2.43	0.00	1.48	2.36	1.62		0.024	0.003	
Scapulae			1.62	0.00	1.81	2.16		1.82	0.00	1.01	1.95	2.32		0.020	0.004	
Clavicles			0.61	0.00	0.68	0.81		0.68	0.00	0.38	0.73	0.87		0.007	0.001	
Sternum				0.25	0.00	0.26	0.15		0.29	0.00	0.17	0.28	0.17		0.003	0.000	
Ribs				8.14	0.00	8.22	5.65		9.14	0.00	5.55	8.86	6.08		0.090	0.010	
Cervical Vertebrae	1.87	0.00	3.87	3.33		2.10	0.00	1.17	4.07	3.58		0.042	0.006	
Thoracic Vertebrae	2.58	0.00	5.76	7.55		2.90	0.00	1.58	6.20	8.13		0.063	0.014	
Lumbar Vertebrae	2.35	0.00	3.80	2.41		2.64	0.00	1.46	4.09	2.59		0.041	0.004	
Sacrum				0.94	0.00	1.52	0.96		1.06	0.00	0.58	1.64	1.04		0.017	0.002	
Os coxae			3.15	0.00	3.53	5.43		3.54	0.00	1.97	3.80	5.85		0.039	0.010	
Humeri, Upper Half	1.29	0.00	1.71	1.72		1.44	0.00	0.68	1.84	1.84		0.019	0.003	0.000
Humeri, Lower Half	1.05	0.00	1.34	1.64		1.18	0.00	0.54	1.45	1.76		0.015	0.003	0.000
Radii				0.59	0.00	0.81	1.09		0.66	0.00	0.32	0.87	1.16		0.009	0.002	0.000
Ulnae				0.75	0.00	1.05	1.39		0.84	0.00	0.42	1.13	1.50		0.011	0.003	0.000
Wrists and Hands	1.21	0.00	1.22	0.74		1.36	0.00	0.83	1.32	0.79		0.013	0.001	
Femora, Upper Half	2.24	0.00	2.79	3.32		2.52	0.00	1.10	3.01	3.57		0.030	0.006	0.000
Femora, Lower Half	2.25	0.00	2.31	4.85		2.53	0.00	0.93	2.49	5.23		0.025	0.009	0.000
Patellae			0.07	0.00	0.07	0.04		0.08	0.00	0.05	0.07	0.04		0.001	0.000	
Tibiae				2.45	0.00	3.20	3.96		2.76	0.00	1.26	3.45	4.26		0.035	0.007	0.000
Fibulae				0.49	0.00	0.67	1.02		0.55	0.00	0.27	0.72	1.11		0.007	0.002	0.000
Ankles and Feet		1.87	0.00	1.89	1.14		2.10	0.00	1.28	2.04	1.23		0.021	0.002	
Totals				50		0		101		70			56		0		34		108		75			1.1		0.1		0.0

Total Skeletal Mass (without MST)	221					Total Skeletal Mass (with MST)	240			Total Surface Area	1.2
