10-year Male		Tissue Masses exclusive of MST (g)	Tissue Masses inclusive of MST (g)			Surface Areas (m2)			
Skeletal Site		AM		IM		TBV		CBV			AM		IM		TM50	TBV		CBV			TBS		CBSHC	CBSMC
Craniofacial Bones	131.87	67.56	224.47	314.11		136.37	69.86	68.75	228.98	320.42		2.309	0.538	
Mandible			8.14	4.17	11.17	23.85		8.42	4.32	3.41	11.39	24.33		0.115	0.041	
Scapulae			33.73	17.28	26.49	56.75		34.88	17.87	30.79	27.02	57.89		0.272	0.097	
Clavicles			6.91	3.86	3.90	13.78		7.14	3.99	4.53	3.98	14.05		0.040	0.024	
Sternum				12.21	2.91	2.62	5.06		12.63	3.00	2.49	2.67	5.16		0.027	0.009	
Ribs				71.33	16.97	29.52	67.44		73.77	17.55	28.19	30.11	68.79		0.304	0.116	
Cervical Vertebrae	15.20	3.61	7.29	13.53		15.71	3.74	9.07	7.44	13.80		0.075	0.023	
Thoracic Vertebrae	114.75	27.30	37.61	65.48		118.67	28.23	46.77	38.36	66.80		0.387	0.112	
Lumbar Vertebrae	77.90	18.53	40.76	35.19		80.56	19.16	50.69	41.58	35.90		0.419	0.060	
Sacrum				29.99	11.10	6.36	15.96		31.01	11.47	6.97	6.49	16.28		0.065	0.027	
Os coxae			136.31	50.44	57.99	123.45		140.97	52.16	63.48	59.15	125.93		0.596	0.212	
Humeri, Upper Half	22.89	11.76	18.93	84.57		23.67	12.15	16.96	19.31	86.26		0.195	0.145	0.002
Humeri, Lower Half	8.52	14.01	9.26	64.55		8.81	14.50	8.48	9.45	65.80		0.095	0.111	0.002
Radii				2.32	7.39	2.48	42.14		2.40	7.64	2.77	2.54	42.98		0.026	0.072	0.002
Ulnae				2.97	9.45	5.05	54.24		3.07	9.76	4.95	5.16	55.33		0.052	0.093	0.002
Wrists and Hands	0.00	23.00	10.76	31.20		0.00	23.78	8.99	10.98	31.83		0.111	0.053	
Femora, Upper Half	37.15	21.37	28.12	157.74		38.41	22.10	26.09	28.68	160.91		0.289	0.270	0.004
Femora, Lower Half	21.31	39.54	33.67	145.70		22.03	40.90	29.89	34.35	148.61		0.346	0.250	0.003
Patellae			2.48	7.90	1.11	2.49		2.57	8.17	0.95	1.13	2.54		0.011	0.004	
Tibiae				14.10	44.91	20.63	230.68		14.58	46.44	18.98	21.04	235.31		0.212	0.395	0.006
Fibulae				2.31	7.37	2.04	31.29		2.39	7.62	2.46	2.08	31.92		0.021	0.054	0.003
Ankles and Feet		0.00	94.25	50.75	89.88		0.00	97.47	42.32	51.77	91.68		0.522	0.154	
Totals				752		505		631		1669		778		522		478		644		1703		6.5		2.9		0.0
			
Total Skeletal Mass (without MST)	3557				Total Skeletal Mass (with MST)	3646		Total Surface Area	9.4
