15-year Female		Tissue Masses exclusive of MST (g)	Tissue Masses inclusive of MST (g)			Surface Areas (m2)			
Skeletal Site		AM		IM		TBV		CBV			AM		IM		TM50	TBV		CBV			TBS		CBSHC	CBSMC
Craniofacial Bones	101.75	79.21	151.68	434.77		105.00	81.87	37.98	154.45	442.73		1.517	0.725	
Mandible			8.10	6.31	10.15	45.60		8.36	6.52	2.95	10.33	46.44		0.102	0.076	
Scapulae			39.38	30.66	55.30	166.54		40.64	31.69	12.37	56.32	169.59		0.553	0.278	
Clavicles			8.82	7.75	6.32	54.93		9.10	8.01	2.17	6.44	55.94		0.063	0.092	
Sternum				15.42	4.89	3.70	15.13		15.92	5.06	2.92	3.77	15.40		0.037	0.025	
Ribs				107.27	34.02	34.33	179.86		110.70	35.16	19.92	34.96	183.16		0.343	0.300	
Cervical Vertebrae	32.69	10.37	14.51	41.43		33.74	10.72	7.81	14.78	42.19		0.145	0.069	
Thoracic Vertebrae	117.23	37.18	40.09	81.11		120.98	38.43	24.27	40.82	82.59		0.401	0.135	
Lumbar Vertebrae	143.43	45.49	39.64	39.80		148.02	47.02	26.61	40.37	40.53		0.396	0.066	
Sacrum				70.82	37.90	11.54	83.51		73.08	39.17	8.50	11.75	85.03		0.115	0.139	
Os coxae			254.75	136.34	81.70	207.58		262.90	140.92	57.67	83.19	211.38		0.817	0.346	
Humeri, Upper Half	53.48	46.45	28.38	120.45		55.20	48.02	14.33	28.90	122.65		0.284	0.201	0.003
Humeri, Lower Half	2.43	42.24	16.63	129.20		2.51	43.66	6.16	16.93	131.56		0.166	0.215	0.003
Radii				0.00	22.87	8.04	81.30		0.00	23.64	3.31	8.19	82.79		0.080	0.136	0.003
Ulnae				0.00	29.89	13.78	101.65		0.00	30.90	5.13	14.03	103.52		0.138	0.169	0.003
Wrists and Hands	0.00	35.55	8.97	104.46		0.00	36.75	5.01	9.13	106.38		0.090	0.174	
Femora, Upper Half	72.70	67.77	50.74	227.88		75.02	70.04	22.30	51.66	232.06		0.507	0.380	0.005
Femora, Lower Half	7.30	169.20	99.96	246.09		7.54	174.89	32.18	101.79	250.60		1.000	0.410	0.006
Patellae			0.00	13.03	3.29	16.92		0.00	13.47	1.84	3.35	17.23		0.033	0.028	
Tibiae				0.00	211.95	42.05	314.11		0.00	219.06	24.24	42.82	319.86		0.421	0.524	0.009
Fibulae				0.00	20.44	7.15	52.43		0.00	21.12	3.14	7.28	53.38		0.072	0.087	0.003
Ankles and Feet		0.00	224.23	56.57	170.73		0.00	231.77	31.61	57.61	173.85		0.566	0.285	
Totals				1036	1314	785		2915		1069	1358	352		799		2969		7.8		4.9		0.0
			
Total Skeletal Mass (without MST)	6049				Total Skeletal Mass (with MST)	6194		Total Surface Area	12.7