1-year Female		Tissue Masses exclusive of MST (g)	Tissue Masses inclusive of MST (g)			Surface Areas (m2)			
Skeletal Site		AM		IM		TBV		CBV			AM		IM		TM50	TBV		CBV			TBS		CBSHC	CBSMC
Craniofacial Bones	50.46	2.53	198.53	84.38		54.70	2.74	15.25	208.80	88.79		2.153	0.152	
Mandible			2.57	0.13	8.61	6.61		2.79	0.14	0.66	9.06	6.95		0.093	0.012	
Scapulae			5.22	0.26	7.07	8.90		5.66	0.28	3.79	7.44	9.37		0.077	0.016	
Clavicles			0.67	0.03	0.96	1.26		0.73	0.04	0.52	1.01	1.33		0.010	0.002	
Sternum				0.84	0.04	0.87	0.58		0.91	0.05	0.42	0.92	0.61		0.009	0.001	
Ribs				23.21	1.16	24.38	18.83		25.16	1.26	11.68	25.66	19.81		0.264	0.034	
Cervical Vertebrae	4.16	0.21	3.20	3.02		4.51	0.23	1.52	3.37	3.18		0.035	0.005	
Thoracic Vertebrae	14.56	0.73	7.89	10.61		15.78	0.79	3.75	8.03	11.16		0.086	0.019	
Lumbar Vertebrae	8.08	0.40	10.01	6.52		8.76	0.44	4.75	10.53	6.86		0.109	0.012	
Sacrum				5.53	0.28	6.94	5.04		5.99	0.30	4.15	7.30	5.30		0.075	0.009	
Os coxae			15.53	0.78	12.34	19.55		16.83	0.84	7.38	12.98	20.57		0.134	0.035	
Humeri, Upper Half	2.92	0.12	5.13	11.70		3.16	0.12	1.91	5.40	12.31		0.056	0.021	0.000
Humeri, Lower Half	1.64	0.21	2.69	8.32		1.78	0.22	1.01	2.83	8.75		0.029	0.015	0.000
Radii				0.51	0.06	0.70	5.19		0.54	0.06	0.29	0.74	5.47		0.008	0.009	0.000
Ulnae				0.72	0.08	1.24	6.81		0.79	0.09	0.30	1.30	7.20		0.013	0.012	0.001
Wrists and Hands	2.63	2.50	7.09	4.98		2.85	2.71	2.52	7.46	5.24		0.077	0.009	
Femora, Upper Half	3.26	0.12	4.96	13.02		3.54	0.14	2.36	5.21	13.70		0.054	0.024	0.001
Femora, Lower Half	3.77	0.48	4.49	18.95		4.08	0.52	2.15	4.72	19.93		0.049	0.034	0.001
Patellae			0.24	0.03	0.21	0.14		0.26	0.03	0.08	0.22	0.15		0.002	0.000	
Tibiae				3.42	0.41	4.16	24.30		3.72	0.44	1.62	4.38	25.56		0.045	0.044	0.001
Fibulae				0.28	0.04	0.34	2.79		0.30	0.04	0.15	0.35	2.93		0.004	0.005	0.000
Ankles and Feet		3.91	3.72	9.99	6.68		4.24	4.04	3.55	10.51	7.03		0.108	0.012	
Totals				154		14		322		268			167		16		70		338		282			3.5		0.5		0.0
			
Total Skeletal Mass (without MST)	758					Total Skeletal Mass (with MST)	803			Total Surface Area	4.0
