15-year Male		Tissue Masses exclusive of MST (g)	Tissue Masses inclusive of MST (g)			Surface Areas (m2)			
Skeletal Site		AM		IM		TBV		CBV			AM		IM		TM50	TBV		CBV			TBS		CBSHC	CBSMC
Craniofacial Bones	125.40	97.62	186.93	523.53		129.34	100.84	47.81	190.29	532.93		1.869	0.873	
Mandible			10.37	8.08	12.99	57.04		10.70	8.34	3.85	13.22	58.06		0.130	0.095	
Scapulae			28.99	22.57	40.71	119.77		29.90	23.31	9.30	41.44	121.92		0.407	0.200	
Clavicles			6.85	6.02	4.91	41.66		7.07	6.22	1.72	5.00	42.41		0.049	0.069	
Sternum				22.40	7.10	5.38	21.33		23.10	7.34	4.29	5.47	21.72		0.054	0.036	
Ribs				99.55	31.57	31.86	162.89		102.67	32.61	18.69	32.43	165.81		0.319	0.271	
Cervical Vertebrae	26.33	8.35	11.69	32.48		27.16	8.63	6.36	11.90	33.06		0.117	0.054	
Thoracic Vertebrae	130.98	41.54	44.79	87.43		135.09	42.91	27.42	45.60	89.00		0.448	0.146	
Lumbar Vertebrae	131.93	41.84	36.47	34.19		136.08	43.22	24.75	37.12	34.80		0.365	0.057	
Sacrum				58.50	31.31	9.53	67.06		60.34	32.34	7.14	9.70	68.26		0.095	0.112	
Os coxae			230.68	123.46	73.98	181.48		237.92	127.53	53.11	75.31	184.74		0.740	0.302	
Humeri, Upper Half	67.78	58.88	35.96	147.32		69.92	60.83	18.51	36.60	149.97		0.360	0.246	0.003
Humeri, Lower Half	3.14	54.08	21.23	161.29		3.24	55.86	8.24	21.61	164.19		0.212	0.269	0.003
Radii				0.00	29.61	10.70	93.89		0.00	30.58	4.57	10.89	95.58		0.107	0.156	0.003
Ulnae				0.00	38.26	17.91	119.75		0.00	39.54	6.96	18.24	121.89		0.179	0.200	0.003
Wrists and Hands	0.00	43.81	11.05	125.69		0.00	45.25	6.48	11.25	127.95		0.111	0.209	
Femora, Upper Half	96.58	90.77	66.78	303.13		99.60	93.76	29.93	67.98	308.57		0.668	0.505	0.007
Femora, Lower Half	6.86	185.81	112.88	234.39		7.08	191.94	38.07	114.90	238.61		1.129	0.391	0.006
Patellae			0.00	16.27	4.10	20.62		0.00	16.81	2.41	4.18	20.99		0.041	0.034	
Tibiae				0.00	249.36	49.00	366.94		0.00	257.59	29.60	49.88	373.53		0.490	0.612	0.009
Fibulae				0.00	26.98	9.19	69.59		0.00	27.87	4.22	9.36	70.84		0.092	0.116	0.004
Ankles and Feet		0.00	282.98	71.39	209.13		0.00	292.32	41.89	72.67	212.89		0.714	0.349	
Totals				1046	1496	869		3181		1079	1546	395		885		3238		8.7		5.3		0.0

Total Skeletal Mass (without MST)	6593				Total Skeletal Mass (with MST)	6748		Total Surface Area	14.0

