5-year Female		Tissue Masses exclusive of MST (g)	Tissue Masses inclusive of MST (g)			Surface Areas (m2)			
Skeletal Site		AM		IM		TBV		CBV			AM		IM		TM50	TBV		CBV			TBS		CBSHC	CBSMC
Craniofacial Bones	119.85	28.51	294.19	216.19		124.75	29.67	44.98	302.22	222.09		3.115	0.382	
Mandible			7.82	1.86	15.31	18.18		8.14	1.94	2.34	15.73	18.68		0.162	0.032	
Scapulae			14.81	3.52	17.57	27.64		15.48	3.68	13.36	18.02	28.35		0.186	0.049	
Clavicles			2.94	0.74	3.00	5.84		3.07	0.78	2.28	3.07	5.99		0.032	0.010	
Sternum				4.12	0.69	2.21	2.33		4.32	0.73	1.43	2.25	2.38		0.023	0.004	
Ribs				31.10	5.22	29.70	36.33		32.58	5.47	19.33	30.42	37.21		0.314	0.064	
Cervical Vertebrae	5.58	0.94	5.24	6.60		5.84	0.98	3.87	5.37	6.76		0.055	0.012	
Thoracic Vertebrae	34.93	5.87	20.95	31.24		36.62	6.15	15.41	21.43	31.95		0.222	0.055	
Lumbar Vertebrae	23.40	3.93	21.88	15.85		24.52	4.12	16.11	22.93	16.21		0.232	0.028	
Sacrum				15.71	3.97	9.01	11.04		16.47	4.16	7.02	9.21	11.28		0.095	0.019	
Os coxae			41.65	10.53	30.79	54.93		43.64	11.04	24.04	31.52	56.25		0.326	0.097	
Humeri, Upper Half	8.46	2.29	9.36	27.21		8.79	2.38	5.22	9.61	27.98		0.099	0.048	0.001
Humeri, Lower Half	5.23	2.07	4.99	21.01		5.43	2.15	2.86	5.13	21.60		0.053	0.037	0.001
Radii				2.01	1.44	1.31	14.02		2.07	1.49	0.89	1.35	14.42		0.014	0.025	0.001
Ulnae				2.57	1.83	2.53	17.71		2.64	1.91	1.56	2.60	18.22		0.027	0.031	0.001
Wrists and Hands	1.57	5.97	7.00	8.80		1.64	6.25	3.66	7.17	9.02		0.074	0.016	
Femora, Upper Half	13.08	3.64	12.03	46.67		13.58	3.78	7.84	12.36	47.98		0.127	0.082	0.002
Femora, Lower Half	12.16	4.93	12.02	45.34		12.64	5.13	7.64	12.34	46.61		0.127	0.080	0.001
Patellae			2.17	1.56	0.99	1.11		2.28	1.63	0.52	1.01	1.14		0.010	0.002	
Tibiae				9.93	7.23	9.58	68.91		10.27	7.37	5.54	9.85	70.91		0.101	0.122	0.003
Fibulae				1.79	1.29	0.89	9.69		1.85	1.33	0.68	0.92	9.96		0.009	0.017	0.001
Ankles and Feet		6.44	24.50	31.47	31.37		6.74	25.66	16.42	32.24	32.14		0.333	0.055	
Totals				367		123		542		718			383		128		203		557		737			5.7		1.3		0.0
			
Total Skeletal Mass (without MST)	1750				Total Skeletal Mass (with MST)	1805		Total Surface Area	7.0
